

###########################################
## 실전문제 1
##
## 보드 가로 크기
30

## 보드 세로 크기
30

## 가로 방향 문제
4 6 3
3 9 1 2
3 1 3 4 4 2
3 1 3 1 1 1 1 1
2 1 4 1 1 7
1 1 1 1 1 1 2
2 1 4 2
5 2 3 3
2 2 11 1 1
2 4 1 1 1 7 1
2 3 3 2 1 1 1
4 1 2 3 9
1 1 2 4 4
1 4 1 1 2 1
3 4 1 1 2
4 3 1 2 5
1 3 1 1 1 8
1 1 2 3 3 7
1 3 5 2 5
2 2 1 5 1 3
2 3 1 2 4 4
3 2 8 1 6
2 3 10 8
3 10 5
4 1 8 4
4 2 4 4 3
5 1 5 4 4
1 3 7 4 6
4 3 9 7
2 1 4 6

## 세로 방향 문제
11 3
2 2 4 5
3 3 2 2 3 2
4 2 3 2 3 3 2
3 3 1 1 5 3
3 1 1 2 2 4 1
3 1 3 1 2 2 2
2 1 1 2 4 1 1 1
1 1 1 2 3 2 4 4
2 4 2 4 5 1
4 1 3 2 3 2
10 2 3 8
3 4 1 10
2 1 1 1 10
3 2 1 5 1 8
3 1 2 1 1 4 2
9 2 1 8
2 1 4 3 1 2 8
2 2 3 10
3 1 2 1 4
1 1 3
5 1
3 1 1 1 1 2
1 1 1 1 2 1 2
5 1 1 2 2 3
1 1 1 1 1 4 3 3
2 2  1  1  4 5 4
2 1 3 1 14
3 1 1 15
5 15
ㄴ
















###########################################
## 테스트문제 1
##
## 보드 가로 크기
10

## 보드 세로 크기
10

## 가로 방향 문제
2 1 3
1 1 2
1 1 2
1 2
2 3
3 4
4 3 1
1 5 1
1 2 2 1
1 2 1 3

## 세로 방향 문제
8 1
1 3 1
3 1
4
1 2
2 1
2 4
1 3 2
6 1 1
7 2




###########################################
## 테스트문제 2
##
## 보드 가로 크기
4
## 보드 세로 크기
4

## 가로 방향 문제
1 1
2
2
1 1

## 세로 방향 문제
1 1
2
2
1 1















###########################################
## 테스트문제 3
##
## 보드 가로 크기
3

## 보드 세로 크기
3

## 가로 방향 문제
2
2
0

## 세로 방향 문제
2
2
0






###########################################
## 테스트문제 4
##
## 보드 가로 크기
10

## 보드 세로 크기
3

## 가로 방향 문제
2 1 3
1 1 2
1 1 2

## 세로 방향 문제
2
1 1
0
1
1 1
0
2
3
1
1
